879 1
  950 1
    947 2
      83 2
        803 2
          637 4
            19 1
              183 3
                146 0
                800 0
                997 0
            946 2
              196 4
                72 0
                211 0
                878 0
                155 0
              959 2
                267 0
                557 0
            145 2
              649 2
                403 0
                267 0
              429 1
                847 0
            477 1
              500 3
                937 0
                737 0
                393 0
          147 3
            383 2
              557 2
                404 0
                931 0
              943 2
                541 0
                846 0
            310 1
              223 3
                735 0
                213 0
                601 0
            514 2
              646 2
                400 0
                579 0
              52 1
                90 0
        147 2
          188 1
            534 3
              555 0
              179 0
              486 0
          938 0
      986 2
        916 1
          320 3
            661 3
              995 0
              435 0
              840 0
            405 1
              989 0
            156 2
              505 0
              480 0
        153 1
          669 2
            132 3
              935 0
              464 0
              237 0
            330 3
              164 0
              801 0
              672 0
