585 2
  248 0
  173 1
    124 3
      298 1
        437 2
          835 1
            349 2
              221 4
                894 1
                  672 1
                    288 3
                      801 4
                        676 0
                        370 0
                        391 0
                        732 0
                      473 4
                        555 0
                        23 0
                        440 0
                        733 0
                      131 1
                        635 0
                499 3
                  255 1
                    219 1
                      46 0
                  310 2
                    627 0
                    30 2
                      153 2
                        241 0
                        57 0
                      268 3
                        412 0
                        396 0
                        307 0
                  369 2
                    156 3
                      461 2
                        202 0
                        730 0
                      850 2
                        106 0
                        404 0
                      755 2
                        665 0
                        737 0
                    639 1
                      44 2
                        33 0
                        408 0
                194 2
                  518 1
                    277 2
                      694 3
                        156 0
                        866 0
                        461 0
                      294 3
                        688 0
                        307 0
                        893 0
                  776 2
                    298 1
                      559 3
                        57 0
                        579 0
                        732 0
                    241 4
                      28 2
                        718 0
                        892 0
                      893 0
                      29 4
                        328 0
                        872 0
                        947 0
                        752 0
                      769 3
                        272 0
                        636 0
                        239 0
                27 4
                  508 4
                    473 1
                      158 3
                        906 0
                        409 0
                        801 0
                    42 1
                      169 3
                        729 0
                        598 0
                        71 0
                    144 2
                      497 4
                        490 0
                        562 0
                        88 0
                        334 0
                      936 4
                        922 0
                        875 0
                        409 0
                        786 0
                    412 2
                      602 3
                        432 0
                        624 0
                        739 0
                      450 1
                        756 0
                  461 1
                    492 2
                      553 3
                        340 0
                        573 0
                        150 0
                      329 4
                        107 0
                        429 0
                        44 0
                        377 0
                  453 2
                    198 4
                      700 1
                        489 0
                      408 4
                        575 0
                        149 0
                        742 0
                        341 0
                      700 0
                      611 2
                        623 0
                        690 0
                    497 1
                      674 1
                        112 0
                  685 1
                    596 1
                      202 1
                        226 0
              454 1
                889 4
                  425 1
                    58 1
                      829 2
                        765 0
                        670 0
                  61 3
                    229 3
                      293 2
                        528 0
                        397 0
                      493 2
                        214 0
                        229 0
                      258 0
                    56 1
                      606 4
                        787 0
                        208 0
                        6 0
                        662 0
                    691 1
                      547 2
                        758 0
                        841 0
                  688 2
                    585 3
                      924 3
                        698 0
                        749 0
                        597 0
                      730 2
                        931 0
                        924 0
                      183 3
                        109 0
                        582 0
                        926 0
                    167 0
                  633 3
                    926 2
                      30 2
                        374 0
                        770 0
                      456 0
                    603 3
                      721 3
                        354 0
                        32 0
                        965 0
                      866 1
                        683 0
                      628 3
                        894 0
                        840 0
                        227 0
                    867 1
                      295 2
                        3 0
                        165 0
          634 1
            826 1
              94 1
                42 3
                  827 3
                    996 4
                      104 2
                        944 0
                        301 0
                      345 1
                        653 0
                      72 3
                        228 0
                        123 0
                        269 0
                      478 2
                        700 0
                        401 0
                    970 1
                      699 3
                        362 0
                        396 0
                        545 0
                    950 2
                      39 1
                        632 0
                      882 1
                        688 0
                  170 1
                    154 2
                      890 2
                        576 0
                        453 0
                      655 2
                        424 0
                        381 0
                  482 4
                    533 2
                      633 2
                        900 0
                        242 0
                      881 2
                        81 0
                        864 0
                    503 3
                      849 1
                        126 0
                      429 1
                        874 0
                      732 1
                        328 0
                    233 1
                      1 2
                        838 0
                        531 0
                    264 1
                      728 4
                        122 0
                        484 0
                        745 0
                        666 0
      312 2
        366 3
          838 2
            887 3
              368 1
                896 1
                  14 1
                    787 2
                      132 4
                        271 0
                        759 0
                        160 0
                        32 0
                      856 2
                        89 0
                        394 0
              254 0
              628 3
                318 2
                  780 2
                    825 3
                      489 2
                        693 0
                        394 0
                      790 3
                        80 0
                        198 0
                        912 0
                      316 2
                        218 0
                        678 0
                    179 3
                      372 1
                        156 0
                      230 2
                        769 0
                        753 0
                      905 3
                        880 0
                        984 0
                        745 0
                  920 1
                    301 2
                      311 2
                        16 0
                        928 0
                      443 2
                        382 0
                        463 0
                484 3
                  683 4
                    345 1
                      29 1
                        885 0
                    664 1
                      569 2
                        271 0
                        859 0
                    762 3
                      522 3
                        503 0
                        7 0
                        419 0
                      423 4
                        110 0
                        31 0
                        374 0
                        936 0
                      657 1
                        667 0
                    738 3
                      783 4
                        499 0
                        577 0
                        315 0
                        138 0
                      138 2
                        747 0
                        373 0
                      708 1
                        946 0
                  934 1
                    771 2
                      710 3
                        409 0
                        860 0
                        687 0
                      994 4
                        35 0
                        828 0
                        810 0
                        401 0
                  470 0
                864 1
                  321 3
                    395 2
                      731 1
                        384 0
                      339 0
                    534 3
                      929 1
                        209 0
                      459 1
                        677 0
                      900 2
                        938 0
                        287 0
                    285 1
                      101 3
                        949 0
                        42 0
                        257 0
            785 2
              101 3
                995 4
                  838 2
                    21 1
                      773 3
                        247 0
                        984 0
                        982 0
                    884 1
                      170 2
                        446 0
                        126 0
                  690 2
                    956 2
                      152 3
                        984 0
                        386 0
                        434 0
                      379 1
                        651 0
                    300 2
                      556 3
                        781 0
                        460 0
                        518 0
                      876 2
                        773 0
                        235 0
                  8 1
                    485 0
                  755 1
                    564 2
                      430 1
                        316 0
                      388 1
                        658 0
                867 1
                  463 1
                    262 2
                      113 1
                        473 0
                      263 2
                        942 0
                        152 0
                307 1
                  270 1
                    396 3
                      834 1
                        431 0
                      791 0
                      142 1
                        985 0
              287 3
                424 1
                  54 4
                    476 1
                      214 4
                        863 0
                        962 0
                        161 0
                        476 0
                    351 3
                      749 4
                        700 0
                        256 0
                        109 0
                        181 0
                      522 2
                        391 0
                        301 0
                      928 3
                        593 0
                        952 0
                        815 0
                    332 1
                      781 1
                        934 0
                    46 1
                      927 4
                        348 0
                        628 0
                        673 0
                        196 0
                908 1
                  20 4
                    462 1
                      389 3
                        344 0
                        469 0
                        534 0
                    948 1
                      58 1
                        804 0
                    512 3
                      828 4
                        826 0
                        253 0
                        280 0
                        864 0
                      29 0
                      940 1
                        95 0
                    995 1
                      43 4
                        938 0
                        843 0
                        975 0
                        582 0
                343 3
                  307 1
                    261 3
                      912 3
                        808 0
                        571 0
                        136 0
                      659 3
                        513 0
                        534 0
                        925 0
                      114 2
                        324 0
                        555 0
                  388 2
                    616 0
                    321 1
                      115 0
                  731 2
                    365 4
                      402 0
                      829 0
                      20 0
                      513 0
                    321 4
                      364 0
                      870 0
                      903 0
                      973 0
          232 1
            570 2
              259 1
                810 1
                  732 2
                    845 4
                      229 0
                      451 0
                      732 0
                      36 0
                    603 1
                      399 0
              355 1
                598 0
          419 4
            151 2
              922 1
                84 1
                  303 0
              420 2
                271 1
                  951 3
                    146 0
                    694 4
                      657 0
                      862 0
                      750 0
                      840 0
                    339 2
                      372 0
                      482 0
                996 2
                  977 3
                    708 1
                      147 0
                    975 1
                      655 0
                    303 3
                      205 0
                      312 0
                      266 0
                  366 3
                    486 4
                      51 0
                      933 0
                      661 0
                      869 0
                    309 1
                      120 0
                    477 1
                      322 0
            997 2
              778 3
                954 0
                554 2
                  659 1
                    851 3
                      806 0
                      943 0
                      213 0
                  917 2
                    522 3
                      249 0
                      808 0
                      85 0
                    208 2
                      181 0
                      660 0
                103 3
                  453 3
                    391 1
                      761 0
                    248 3
                      393 0
                      460 0
                      274 0
                    489 1
                      406 0
                  805 4
                    516 3
                      852 0
                      986 0
                      530 0
                    672 1
                      856 0
                    159 3
                      408 0
                      978 0
                      730 0
                    547 1
                      804 0
                  415 2
                    175 4
                      279 0
                      605 0
                      592 0
                      941 0
                    327 0
              836 3
                689 1
                  266 1
                    957 3
                      950 0
                      789 0
                      279 0
                28 3
                  244 1
                    344 3
                      648 0
                      936 0
                      11 0
                  847 3
                    72 3
                      703 0
                      38 0
                      442 0
                    531 1
                      516 0
                    47 4
                      533 0
                      871 0
                      916 0
                      774 0
                  270 1
                    95 3
                      829 0
                      618 0
                      482 0
                799 3
                  648 1
                    722 1
                      812 0
                  986 2
                    803 3
                      241 0
                      449 0
                      141 0
                    922 2
                      765 0
                      255 0
                  581 3
                    471 1
                      474 0
                    871 1
                      378 0
                    26 2
                      968 0
                      794 0
            835 2
              451 4
                768 1
                  555 2
                    602 2
                      745 0
                      777 0
                    740 4
                      726 0
                      856 0
                      75 0
                      357 0
                400 2
                  690 1
                    512 1
                      906 0
                  110 0
                727 3
                  808 1
                    325 1
                      272 0
                  440 2
                    156 1
                      355 0
                    584 1
                      401 0
                  65 4
                    879 3
                      979 0
                      380 0
                      922 0
                    766 2
                      696 0
                      576 0
                    955 4
                      734 0
                      854 0
                      965 0
                      473 0
                    897 1
                      735 0
                471 1
                  534 1
                    8 4
                      572 0
                      529 0
                      475 0
                      344 0
              617 3
                548 2
                  228 2
                    865 3
                      382 0
                      362 0
                      356 0
                    432 2
                      815 0
                      498 0
                  569 2
                    550 1
                      764 0
                    843 1
                      310 0
                42 1
                  530 3
                    589 3
                      532 0
                      353 0
                      646 0
                    703 1
                      806 0
                    455 2
                      225 0
                      879 0
                975 2
                  608 0
                  576 2
                    259 3
                      265 0
                      8 0
                      503 0
                    681 0
            592 2
              389 1
                294 3
                  381 2
                    184 3
                      130 0
                      880 0
                      501 0
                    123 1
                      636 0
                  997 1
                    708 2
                      253 0
                      152 0
                  579 3
                    753 1
                      919 0
                    861 3
                      741 0
                      625 0
                      682 0
                    912 1
                      623 0
              797 1
                186 4
                  729 0
                  948 1
                    222 0
                  304 1
                    743 1
                      977 0
                  796 3
                    109 1
                      115 0
                    745 3
                      255 0
                      192 0
                      870 0
                    95 4
                      409 0
                      191 0
                      104 0
                      925 0
        210 0
      248 1
        971 0
