Результаты поиска поддеревьев
Время выполнения: 1.308 миллисекунд
Найдено поддеревьев: 11

Поддерево 1:
  Корень: 94
  Количество узлов: 59
  Структура поддерева:
    94
      42
        827
          996
            104
              944
              301
            345
              653
            72
              228
              123
              269
            478
              700
              401
          970
            699
              362
              396
              545
          950
            39
              632
            882
              688
        170
          154
            890
              576
              453
            655
              424
              381
        482
          533
            633
              900
              242
            881
              81
              864
          503
            849
              126
            429
              874
            732
              328
          233
            1
              838
              531
          264
            728
              122
              484
              745
              666

Поддерево 2:
  Корень: 368
  Количество узлов: 12
  Структура поддерева:
    368
      896
        14
          787
            132
              271
              759
              160
              32
            856
              89
              394

Поддерево 3:
  Корень: 259
  Количество узлов: 10
  Структура поддерева:
    259
      810
        732
          845
            229
            451
            732
            36
          603
            399

Поддерево 4:
  Корень: 836
  Количество узлов: 50
  Структура поддерева:
    836
      689
        266
          957
            950
            789
            279
      28
        244
          344
            648
            936
            11
        847
          72
            703
            38
            442
          531
            516
          47
            533
            871
            916
            774
        270
          95
            829
            618
            482
      799
        648
          722
            812
        986
          803
            241
            449
            141
          922
            765
            255
        581
          471
            474
          871
            378
          26
            968
            794

Поддерево 5:
  Корень: 389
  Количество узлов: 22
  Структура поддерева:
    389
      294
        381
          184
            130
            880
            501
          123
            636
        997
          708
            253
            152
        579
          753
            919
          861
            741
            625
            682
          912
            623

Поддерево 6:
  Корень: 894
  Количество узлов: 15
  Структура поддерева:
    894
      672
        288
          801
            676
            370
            391
            732
          473
            555
            23
            440
            733
          131
            635

Поддерево 7:
  Корень: 42
  Количество узлов: 58
  Структура поддерева:
    42
      827
        996
          104
            944
            301
          345
            653
          72
            228
            123
            269
          478
            700
            401
        970
          699
            362
            396
            545
        950
          39
            632
          882
            688
      170
        154
          890
            576
            453
          655
            424
            381
      482
        533
          633
            900
            242
          881
            81
            864
        503
          849
            126
          429
            874
          732
            328
        233
          1
            838
            531
        264
          728
            122
            484
            745
            666

Поддерево 8:
  Корень: 896
  Количество узлов: 11
  Структура поддерева:
    896
      14
        787
          132
            271
            759
            160
            32
          856
            89
            394

Поддерево 9:
  Корень: 318
  Количество узлов: 31
  Структура поддерева:
    318
      780
        825
          489
            693
            394
          790
            80
            198
            912
          316
            218
            678
        179
          372
            156
          230
            769
            753
          905
            880
            984
            745
      920
        301
          311
            16
            928
          443
            382
            463

Поддерево 10:
  Корень: 867
  Количество узлов: 8
  Структура поддерева:
    867
      463
        262
          113
            473
          263
            942
            152

Поддерево 11:
  Корень: 424
  Количество узлов: 30
  Структура поддерева:
    424
      54
        476
          214
            863
            962
            161
            476
        351
          749
            700
            256
            109
            181
          522
            391
            301
          928
            593
            952
            815
        332
          781
            934
        46
          927
            348
            628
            673
            196

