Результаты поиска поддеревьев
Время выполнения: 16.075 миллисекунд
Найдено поддеревьев: 149

Поддерево 1:
  Корень: 497
  Количество узлов: 37
  Структура поддерева:
    497
      418
        137
          973
            474
              298
              337
            540
              195
              229
          975
            873
              589
              647
              599
              447
            667
              417
              135
            983
              650
            222
              656
              971
          546
            389
              2
              478
              758
            901
              753
              649
          609
            83
              347
              100
              772

Поддерево 2:
  Корень: 24
  Количество узлов: 66
  Структура поддерева:
    24
      500
        739
          209
            170
            409
              969
          752
            361
              696
              234
              811
              716
            797
              547
              769
            441
              571
              328
              741
            420
              614
        452
          16
            974
              351
              267
              30
            449
              327
              22
              578
              174
          579
            84
              446
              916
        61
          618
            135
              591
            264
              366
            50
              700
      1000
        255
          110
            839
              842
              632
            224
              330
              984
          9
            551
              796
              129
            305
        689
          332
            445
              741
              880
              986
              991

Поддерево 3:
  Корень: 883
  Количество узлов: 37
  Структура поддерева:
    883
      442
        555
          205
            542
              125
            799
              923
              991
            924
              656
              65
              852
              463
        744
          302
            616
            233
              748
              959
          856
            702
              250
              579
            383
              52
              515
              507
            840
              46
              334
              502
              45
      223
        364
          867
            376

Поддерево 4:
  Корень: 557
  Количество узлов: 51
  Структура поддерева:
    557
      317
        542
          940
            701
              720
            201
              274
              29
              31
            30
              699
      411
        195
          991
            525
              188
              160
            367
              657
              555
              94
            532
              853
              315
              915
            178
              568
          151
            479
              416
            805
              724
        119
          954
            76
              778
              96
              455
            588
              817
              460
              585
          963
            637
              532
            482
              240
              803
              603
              380

Поддерево 5:
  Корень: 482
  Количество узлов: 38
  Структура поддерева:
    482
      773
        691
          448
            128
          630
            530
              844
              215
              876
              493
            972
              373
              624
              840
            705
              888
            186
              786
              356
              78
              938
          24
            840
              707
        976
          514
            648
              685
            409
              89
      830
        606
          758
            424
              786
              735
              785

Поддерево 6:
  Корень: 906
  Количество узлов: 39
  Структура поддерева:
    906
      677
        55
          761
            18
              805
              596
              254
              10
          870
            322
              252
              571
            577
              553
            262
              393
              165
      538
        113
          612
            512
              84
              115
          386
            603
              308
              522
            36
              191
          872
            194
              661
              659
              603
            755
              406
            328
              490

Поддерево 7:
  Корень: 792
  Количество узлов: 180
  Структура поддерева:
    792
      565
        335
          980
            597
              321
            743
              707
              682
          616
            354
              33
              428
            263
              472
              395
              990
          280
            199
              363
            884
              518
          409
            823
              906
        777
          256
            804
              152
              321
            536
            359
              875
            381
              777
          806
            925
              452
              787
              97
              537
            511
              792
              375
            159
              82
              587
              202
            980
              275
      833
        444
          175
            685
              86
              393
            832
              552
              777
          428
            734
              231
            450
              609
              880
              412
          417
            913
              855
              396
        7
          445
            742
              882
              363
              898
            440
              956
              664
              450
          798
            447
              959
            103
              745
              918
            978
              901
        128
          412
            550
              167
          618
            196
              957
          505
            915
              539
          208
            730
              774
              879
              500
        122
          800
            296
              516
            785
              935
              402
              2
            387
              847
              662
              624
          4
            524
              931
            443
              708
          622
            828
              429
            430
              287
              832
              502
            640
              596
              176
              111
              571
      321
        945
          690
            914
              390
              734
            254
              460
            117
              597
              495
              273
          616
            540
              253
            426
              771
              780
              118
            572
              841
              857
              288
          294
            680
              440
              121
            777
              840
              451
            161
              115
        504
          902
            651
              18
              449
              952
            649
              183
              942
              549
            26
              859
        327
          882
            322
              332

Поддерево 8:
  Корень: 129
  Количество узлов: 19
  Структура поддерева:
    129
      436
        307
          110
            450
              844
              320
              141
            865
              351
              982
              986
              682
            581
              981
            477
              866
              519
              655

Поддерево 9:
  Корень: 192
  Количество узлов: 79
  Структура поддерева:
    192
      844
        26
          457
            692
              700
              204
          966
            546
              100
              36
              726
            696
              917
              996
              332
              610
            67
              976
          78
            673
              821
        811
          157
            409
              568
              454
              409
              470
            490
              600
            244
              193
              276
              106
              866
          292
            698
              926
              944
            964
              456
            819
              268
        642
          140
            512
              44
        952
          285
            6
              159
              916
              91
            573
              93
              565
              409
            289
              739
              138
            252
              140
              693
              460
          256
            800
              213
            661
              50
              394
              777
              525
            209
              945
            550
              389
              838
              476

Поддерево 10:
  Корень: 203
  Количество узлов: 203
  Структура поддерева:
    203
      199
        838
          476
            170
              515
              245
              240
            644
              462
              784
              992
          274
            164
              182
            127
              807
              913
              842
            792
              599
              643
              277
          869
            370
              718
              623
              692
            796
              84
              860
              427
            353
              625
              645
              967
              213
        125
          980
            368
              618
              936
          845
            812
              68
              220
          950
            633
              730
              775
            747
              804
              54
            808
              811
            719
        743
          335
            27
              867
              420
          474
            141
              953
            884
              159
              60
            73
              169
              945
          13
            109
              278
              179
      589
        213
          673
            931
              672
              204
            201
              956
              262
          682
            703
              262
              783
              986
            44
              972
              278
              617
          212
            395
              252
          694
            604
              924
            609
              202
              594
              308
              98
            432
        277
          379
            328
              676
              453
              580
              500
          825
            729
              716
              612
              106
            335
              175
              551
              573
            59
              17
              279
          249
            613
              911
              276
            408
              428
              776
            628
        610
          600
            822
              723
              589
          162
            910
              772
            265
              84
              766
              875
          571
            207
              290
              884
            292
              552
              381
      291
        296
          221
            131
              810
            836
              731
              632
          136
            284
              779
              144
            79
              314
            465
              786
              950
        212
          828
            713
              105
              270
              794
            42
              124
              37
          211
            830
              957
              431
            494
              317
          766
            699
              687
            593
              624
              82
              623
            894
              128
              209
        67
          204
            193
              155
              832
      400
        793
          967
            341
              142
              403

Поддерево 11:
  Корень: 851
  Количество узлов: 30
  Структура поддерева:
    851
      833
        974
          125
            619
              380
              291
              582
            60
              428
        552
          155
            184
              309
              762
            363
              586
          710
            818
              789
              917
          136
            379
              692
              60
              395
            87
              612
            717
              235

Поддерево 12:
  Корень: 175
  Количество узлов: 61
  Структура поддерева:
    175
      419
        133
          933
            450
              629
            797
              167
            404
              54
      564
        886
          146
            691
            172
          287
            21
              113
            723
              124
              688
              843
          864
            931
              925
            587
              120
              88
              225
            103
              351
      820
        638
          28
            712
              555
              269
              582
            327
              46
              950
              184
              928
            76
              438
              161
              200
        902
          684
            385
              996
            617
              334
              395
              16
            824
              90
              374
              9
            666
              184

Поддерево 13:
  Корень: 986
  Количество узлов: 30
  Структура поддерева:
    986
      337
        166
          36
            694
              777
              164
          943
            377
              233
              679
        523
          725
            674
              137
              634
              156
              904
          264
            742
              841
              297
            229
              855
              465
            877
              508
              146
              104
              454

Поддерево 14:
  Корень: 896
  Количество узлов: 71
  Структура поддерева:
    896
      593
        327
          410
            472
              354
              559
              767
          397
            353
              53
              800
              109
              525
            30
              966
              691
              404
        836
          116
            719
          408
            170
              748
              848
              3
            117
              380
              913
        701
          310
            553
              624
            417
              528
          348
            767
              223
            354
            314
              888
            987
              35
          129
            756
              190
              827
            341
              115
              457
        451
          904
            97
              975
              282
              961
            218
              663
              226
              400
          246
            703
              38
              806
          885
            179
              878
            78
              536
              879
              208

Поддерево 15:
  Корень: 808
  Количество узлов: 138
  Структура поддерева:
    808
      232
        662
          498
            928
              764
            667
              365
              253
            37
              442
        894
          423
            436
          910
            67
              560
            945
              243
              138
              931
      331
        659
          819
            301
              615
          318
            796
              486
            734
        409
          544
            360
              81
              599
              610
              512
          471
            759
              815
              676
        388
          246
            147
              691
              531
            556
              987
          31
            508
              567
              167
          359
            109
              95
              68
              40
            91
              269
              971
              455
          594
            886
              120
              449
              550
        928
          276
            917
              328
              641
            364
            548
              850
              196
      468
        309
          747
            696
              919
              572
          268
            515
              165
              447
            312
              836
            656
              25
              134
              641
              639
        456
          334
            408
            475
              562
              135
              298
          616
            4
              76
              378
            163
              486
          111
            431
              390
              690
            652
              210
            756
              441
              908
              811
              298
          982
            903
              585
              633
              702
            825
              833
              510
        173
          817
            910
              704
        513
          981
            187
              368
            512
              55
            153
              538
              174
              82

Поддерево 16:
  Корень: 217
  Количество узлов: 31
  Структура поддерева:
    217
      415
        840
          586
            869
              24
              202
              193
            79
              173
          494
            600
              486
          593
            664
              892
        647
          96
            407
              54
            64
              254
              110
        78
          344
            613
            22
              304
              384
              939
              370

Поддерево 17:
  Корень: 829
  Количество узлов: 22
  Структура поддерева:
    829
      310
        671
          735
            846
              994
            465
              232
              754
          740
            316
              256
            963
              475
              513
            766
              97
              226
              13
            626
              610
              529

Поддерево 18:
  Корень: 429
  Количество узлов: 20
  Структура поддерева:
    429
      539
        41
          410
            932
              206
              839
            399
              358
          685
            114
              766
              246
            110
              268
              489
              443
            571
              400
              86

Поддерево 19:
  Корень: 445
  Количество узлов: 64
  Структура поддерева:
    445
      631
        67
          171
            625
              443
              696
          498
            691
              2
              197
            354
              709
            209
              251
        467
          787
            231
              681
              29
              693
            546
              638
              984
          28
            31
              711
          769
            722
              788
              759
              347
          182
            474
      146
        34
          805
            426
              818
              834
            728
              331
            107
              178
        606
          433
            157
              436
            999
              407
              306
            381
              521
              652
          275
            217
              416
            39
              425
              164
            750
              984
              61
              831

Поддерево 20:
  Корень: 466
  Количество узлов: 123
  Структура поддерева:
    466
      502
        536
          347
            744
              478
            30
              343
              490
          74
            145
              143
              490
            433
              210
              136
              193
              556
          642
            461
              703
            164
              590
              120
              158
        159
          281
            300
              455
          22
            268
              666
            211
              236
              536
              174
            811
              157
      948
        878
          648
            438
              616
            382
              416
              302
              943
            216
              407
              278
              988
          80
            919
              392
              572
            233
              378
              726
              530
            564
              664
              933
          920
            204
              561
              937
              390
            303
              997
              272
            653
              916
              881
        361
          336
            345
              503
            124
              705
              554
              375
      776
        704
          979
            331
              882
              121
          800
            231
              678
          435
            585
              507
            781
              459
        66
          717
            425
            171
              379
              665
            952
              650
      313
        212
          961
            954
              476
            180
              824
              61
          513
            489
              609
              887
            288
              102
              258
              593
            89
              277
              384
              779

Поддерево 21:
  Корень: 883
  Количество узлов: 22
  Структура поддерева:
    883
      838
        633
          229
            31
              501
            149
              642
          991
            834
              832
              873
            529
              627
              227
        883
          969
            220
              90
            766
              468
              89

Поддерево 22:
  Корень: 12
  Количество узлов: 128
  Структура поддерева:
    12
      191
        953
          296
            750
              975
              887
            707
              92
              522
              560
              545
            820
              203
              296
            747
              825
              707
        302
          60
            15
              148
          474
            847
            490
              5
              504
          807
            623
              398
              50
            684
            255
          569
            20
              83
              28
              948
            914
              907
              812
        527
          483
            335
              522
              8
              783
              298
        605
          170
            533
              118
              639
              24
            550
              194
              177
          498
            564
              710
              101
            302
              4
              741
              872
            15
              930
              962
              166
      507
        271
          790
            670
              191
              722
              407
              929
            555
              208
              368
              904
            274
              758
            802
              614
              546
              818
              166
        786
          204
            574
              865
              263
              431
        850
          558
            603
              105
          947
            931
              491
              181
            572
              736
              184
              839
            436
              964
            539
              367
          254
            389
              867
              700
            271
              168
              294
              761
          372
            827
              122
              463
              103
            158
              190
              259
              329
            626

Поддерево 23:
  Корень: 948
  Количество узлов: 38
  Структура поддерева:
    948
      302
        385
          652
            262
              388
              235
              564
              159
      719
        172
          413
            695
              298
              655
              568
              402
            947
              773
              978
              770
            976
              253
              459
              943
        331
          745
            743
              511
              38
          393
            14
              609
            894
              880
              574
              443
              999

Поддерево 24:
  Корень: 123
  Количество узлов: 33
  Структура поддерева:
    123
      138
        227
          531
            152
              357
              990
              902
            920
          494
            717
              840
            253
              595
          176
            446
              906
              868
            197
              112
              232
            51
              755
              844
              542
          636
            50
              188
              627
              889
            688
              565
              604

Поддерево 25:
  Корень: 673
  Количество узлов: 15
  Структура поддерева:
    673
      10
        280
          12
            992
              982
              219
              93
              449
            333
              312
              929
          743
            388
              175

Поддерево 26:
  Корень: 185
  Количество узлов: 56
  Структура поддерева:
    185
      385
        235
          226
            15
              798
              736
              754
            956
              342
              602
              489
            213
              877
          456
            266
              775
            689
              267
              97
            537
          663
            7
              537
              313
            801
      840
        762
          397
            324
              728
            870
              793
              101
              689
            191
              503
              728
            904
          11
            398
              406
              422
            989
              733
              294
              195
            708
              921
              718
              437
              574
          191
            361
              108
              831

Поддерево 27:
  Корень: 681
  Количество узлов: 134
  Структура поддерева:
    681
      555
        377
          800
            683
              895
              840
              775
            745
              183
              516
          121
            911
              708
            651
              484
              357
              229
              487
            954
              313
              494
          550
            402
              592
            279
              393
            615
          259
            189
              28
            922
              946
        955
          418
            996
              604
              210
              118
            464
              446
            392
              571
              497
          149
            501
              440
              734
              133
            132
              935
              612
              362
              471
          547
            520
              571
              971
              856
            3
              56
            860
              800
              438
              358
          489
            244
              805
            291
              128
              330
      810
        243
          656
            2
              651
            17
              20
              973
          708
            751
              498
            507
              269
            93
              67
              833
        636
          874
            745
              466
            467
              153
              303
            276
              54
        387
          18
            382
              237
            358
              522
              196
            919
              181
              340
              254
              802
            845
              926
              603
        700
          739
            327
              731
              6
              19
            105
              255
              968
          64
            330
              841
              620
            913
              136
              506
              82
          132
            136
              21
            558
              420
              210

Поддерево 28:
  Корень: 787
  Количество узлов: 79
  Структура поддерева:
    787
      193
        123
          94
            594
              585
      701
        242
          126
            592
              352
              837
            106
              280
              989
              167
            665
              433
          367
            819
              855
              254
      765
        351
          399
            492
              165
        324
          466
            201
              667
              954
            2
              704
          686
            187
              973
            979
              821
              552
            249
              428
        316
          829
            646
              249
              592
              726
            223
              940
              413
          578
            587
              897
            951
              344
              475
              992
            599
              139
          85
            961
              851
            280
              865
              534
              67
              226
            381
              588
              620
            973
              926
          500
            520
              585
              31
              596
              473

Поддерево 29:
  Корень: 163
  Количество узлов: 79
  Структура поддерева:
    163
      171
        389
          380
            461
              141
              493
          4
            315
              295
              824
            919
              422
          662
            370
              170
              633
      98
        667
          840
            765
              731
              392
              194
              135
        179
          253
            244
              987
            782
              445
          138
            934
              42
            522
              204
              768
            156
              782
              731
              797
          891
            409
              464
              640
            644
              255
              673
            74
              532
              115
              337
            875
              725
              239
              180
        606
          274
            869
              25
            319
              844
            564
              530
            754
              465
              923
          734
            656
              909
              725
              890
              274
            318
              944
              2
            737
              231
              108

Поддерево 30:
  Корень: 309
  Количество узлов: 8
  Структура поддерева:
    309
      757
        288
          645
            964
              671
              757
              273

Поддерево 31:
  Корень: 397
  Количество узлов: 11
  Структура поддерева:
    397
      254
        778
          537
            248
              126
            254
              720
              847
              568
              349

Поддерево 32:
  Корень: 77
  Количество узлов: 6
  Структура поддерева:
    77
      198
        331
          814
            183
              565

Поддерево 33:
  Корень: 488
  Количество узлов: 80
  Структура поддерева:
    488
      230
        784
          482
            285
              173
              352
              475
              171
            704
              598
            356
              701
              54
              946
              709
          164
            994
          64
            889
              289
              152
              390
              631
        270
          378
            102
              491
              526
            705
              480
              486
              655
            186
              915
            529
              427
              491
              510
          609
            166
              216
              192
              136
              174
            285
              80
              430
              279
          98
            460
              971
              311
            39
              412
              656
        262
          571
            919
              266
          548
            346
            20
              795
              122
              563
              60
      236
        490
          868
            547
              370
              159
              765
              636
            540
              895
          520
            19
              531

Поддерево 34:
  Корень: 893
  Количество узлов: 46
  Структура поддерева:
    893
      652
        59
          381
            177
              531
              227
              445
            936
              324
              924
            72
              513
          776
            489
              943
              560
              164
        516
          541
            59
              698
            162
              937
              133
          175
            189
              720
              587
        112
          941
            416
              712
              914
              39
            646
              848
              301
              291
          783
            516
              855
          88
            742
              449
              2

Поддерево 35:
  Корень: 709
  Количество узлов: 66
  Структура поддерева:
    709
      627
        647
          772
            768
              837
              695
            107
              175
              600
              114
            654
              170
              202
              798
            186
              963
              764
              166
              421
          592
            337
              980
              576
              905
              391
            612
              386
            865
              187
              373
        348
          14
            745
              876
              948
          13
            398
              215
            66
              890
          643
            57
              970
              67
        530
          745
            224
              472
              803
              669
            929
              30
            687
              202
      178
        536
          288
            251
              217
              849
              889
            547
              898
              521
              229

Поддерево 36:
  Корень: 541
  Количество узлов: 45
  Структура поддерева:
    541
      572
        822
          95
            115
              382
            196
              918
              119
      570
        266
          351
            124
            462
              417
              291
              280
          601
            613
              501
          184
            865
              739
              936
            512
              828
          482
            770
              102
              849
            409
              201
              57
            702
              305
              472
              27
      639
        56
          652
            406
              97
              995
            120
              987

Поддерево 37:
  Корень: 569
  Количество узлов: 45
  Структура поддерева:
    569
      235
        352
          572
            919
              778
              93
              855
          445
            960
              538
            861
              816
              314
              911
          21
            901
              571
          35
            966
              125
            601
              849
              276
              484
        822
          197
            295
              405
            66
              159
            975
              81
              287
              536
            7
              796
          589
            854
              92
            607
              110
            975
              896
              449

Поддерево 38:
  Корень: 763
  Количество узлов: 55
  Структура поддерева:
    763
      417
        944
          2
            705
              229
              101
          381
            299
              378
              505
              969
              548
            787
              960
              779
              859
          878
            302
              825
              748
            195
              525
              308
            558
              550
              958
      976
        347
          21
            454
              937
              318
            887
              187
              776
          855
            737
              62
              626
            62
              880
              95
          176
            195
              988
            296
              309
              744
              215
        187
          59
            609
              987
              143

Поддерево 39:
  Корень: 744
  Количество узлов: 38
  Структура поддерева:
    744
      152
        312
          868
            978
              810
              26
        442
          211
            438
              648
              731
            185
              658
              482
            943
              624
              730
        845
          529
            936
              884
              274
              753
            109
              114
              653
              240
            252
              160
        109
          86
            720
              301
            266
              932
              674
              468

Поддерево 40:
  Корень: 41
  Количество узлов: 71
  Структура поддерева:
    41
      127
        899
          682
            228
              121
              702
              351
            842
              842
              216
          661
            83
              804
            102
              62
              785
              890
              28
            58
              520
              923
              136
        356
          167
            968
              874
              290
            953
              881
            707
              628
              579
          862
            76
            465
              260
              292
              722
          839
            620
            494
              641
              548
              933
              748
            503
              261
        946
          297
            572
              930
            485
              923
              764
          270
            813
              33
              564
              15
              722
            956
              988
              980
      457
        280
          885
            799
              621
            400
              749

Поддерево 41:
  Корень: 247
  Количество узлов: 52
  Структура поддерева:
    247
      318
        503
          691
            552
              205
            233
              543
          158
            607
              346
              372
              643
            778
              705
              812
        455
          108
            410
              662
              219
              142
            43
              239
              447
              733
        608
          485
            945
              189
              346
              535
            934
            963
              852
              910
              845
              584
        650
          75
            586
              640
              273
              818
          78
            42
              240
          443
            47
              722
              873
              70

Поддерево 42:
  Корень: 66
  Количество узлов: 102
  Структура поддерева:
    66
      898
        499
          680
            833
              11
              822
              688
            731
              24
              364
              666
            368
              571
          303
            105
              612
              931
            976
              257
          648
            190
              749
            14
              837
              937
          833
            829
              516
              128
            62
              675
              813
            898
              1
        686
          947
            98
              833
            276
              734
            500
              21
              993
              664
              865
        941
          440
            983
              87
              206
              372
          823
            42
              736
              264
            931
              929
              426
              360
            917
              239
      271
        320
          148
            732
              921
              94
              4
          979
            863
              283
            934
              998
              299
            386
              781
              169
              658
              890
            315
              646
              196
          905
            621
              967
              783
              833
              32
        331
          46
            571
              308
            957
              876
              633
            554
              887
          310
            19
              342
              718

Поддерево 43:
  Корень: 809
  Количество узлов: 49
  Структура поддерева:
    809
      970
        793
          751
            394
              261
              529
            864
              548
            665
              379
          127
            911
              612
            148
              358
              214
              73
            32
              542
              929
            165
              938
              664
              804
              402
          418
            633
              217
              57
            986
              686
              619
              257
          152
            816
              748
        605
          355
            155
              293
              555
            178
              567
            917
              555
              338
              231
              291

Поддерево 44:
  Корень: 615
  Количество узлов: 19
  Структура поддерева:
    615
      433
        496
          176
            163
              981
              425
              562
            524
              404
              318
              332
          99
            86
              934
            641
              487
              874
              791

Поддерево 45:
  Корень: 813
  Количество узлов: 63
  Структура поддерева:
    813
      434
        459
          714
            497
              498
              503
          504
            605
              491
      916
        40
          987
            955
              903
              291
            819
              998
              74
              208
              736
            658
              348
            968
              416
          368
            917
              352
              556
              856
              896
            513
            314
              154
              474
              531
            110
              598
              972
          943
            900
              309
            375
              372
              523
            745
              708
              248
      912
        544
          62
            182
              108
          181
            149
              176
              191
      444
        808
          289
            208
              755
              949

Поддерево 46:
  Корень: 243
  Количество узлов: 36
  Структура поддерева:
    243
      217
        76
          29
            106
              455
              322
            163
        640
          728
            153
            192
              24
            579
              95
              524
          715
            6
              520
            528
              826
              713
            334
              361
        874
          591
            747
              228
              52
            408
              94
              76
            882
              949
              288
              756

Поддерево 47:
  Корень: 406
  Количество узлов: 22
  Структура поддерева:
    406
      346
        480
          742
            959
            217
            87
            710
          674
            597
            838
        721
          865
            656
        478
          499
            626
          577
            733
            950
            85
            693

Поддерево 48:
  Корень: 533
  Количество узлов: 32
  Структура поддерева:
    533
      946
        33
          989
            795
            552
      915
        390
          463
            741
            911
      473
        617
          231
            813
            906
        559
          230
            618
            322
          739
            806
            686
            165
            68
          780
            381
          879
            355
        606
          969
            428

Поддерево 49:
  Корень: 418
  Количество узлов: 36
  Структура поддерева:
    418
      137
        973
          474
            298
            337
          540
            195
            229
        975
          873
            589
            647
            599
            447
          667
            417
            135
          983
            650
          222
            656
            971
        546
          389
            2
            478
            758
          901
            753
            649
        609
          83
            347
            100
            772

Поддерево 50:
  Корень: 317
  Количество узлов: 11
  Структура поддерева:
    317
      542
        940
          701
            720
          201
            274
            29
            31
          30
            699

Поддерево 51:
  Корень: 411
  Количество узлов: 39
  Структура поддерева:
    411
      195
        991
          525
            188
            160
          367
            657
            555
            94
          532
            853
            315
            915
          178
            568
        151
          479
            416
          805
            724
      119
        954
          76
            778
            96
            455
          588
            817
            460
            585
        963
          637
            532
          482
            240
            803
            603
            380

Поддерево 52:
  Корень: 830
  Количество узлов: 7
  Структура поддерева:
    830
      606
        758
          424
            786
            735
            785

Поддерево 53:
  Корень: 209
  Количество узлов: 78
  Структура поддерева:
    209
      515
        237
          113
            931
            444
            800
            153
          974
            839
            807
        292
          422
            988
            357
            742
          814
            648
            380
            695
            164
        845
          221
            84
          914
            428
          804
            845
            90
            531
          656
            768
      281
        794
          752
            137
          614
            707
            150
            804
        12
          869
            929
          474
            758
            45
            860
            54
          371
            599
            290
      939
        783
          928
            407
            828
            734
        203
          953
            112
            864
          104
            504
      559
        212
          61
            783
            503
          140
            321
        969
          768
            51
            465
          699
            21
            932
            502

Поддерево 54:
  Корень: 250
  Количество узлов: 19
  Структура поддерева:
    250
      607
        537
          297
            984
            982
            896
          387
            603
          418
            48
            428
            907
        561
          24
            52
          772
            808
            667

Поддерево 55:
  Корень: 912
  Количество узлов: 8
  Структура поддерева:
    912
      225
        631
          656
            327
            494
            424
            158

Поддерево 56:
  Корень: 677
  Количество узлов: 17
  Структура поддерева:
    677
      55
        761
          18
            805
            596
            254
            10
        870
          322
            252
            571
          577
            553
          262
            393
            165

Поддерево 57:
  Корень: 538
  Количество узлов: 21
  Структура поддерева:
    538
      113
        612
          512
            84
            115
        386
          603
            308
            522
          36
            191
        872
          194
            661
            659
            603
          755
            406
          328
            490

Поддерево 58:
  Корень: 300
  Количество узлов: 18
  Структура поддерева:
    300
      615
        768
          202
            780
          745
            743
            42
        164
          274
            68
          385
            966
            770
            115
          680
            756
            982

Поддерево 59:
  Корень: 833
  Количество узлов: 82
  Структура поддерева:
    833
      444
        175
          685
            86
            393
          832
            552
            777
        428
          734
            231
          450
            609
            880
            412
        417
          913
            855
            396
      7
        445
          742
            882
            363
            898
          440
            956
            664
            450
        798
          447
            959
          103
            745
            918
          978
            901
      128
        412
          550
            167
        618
          196
            957
        505
          915
            539
        208
          730
            774
            879
            500
      122
        800
          296
            516
          785
            935
            402
            2
          387
            847
            662
            624
        4
          524
            931
          443
            708
        622
          828
            429
          430
            287
            832
            502
          640
            596
            176
            111
            571

Поддерево 60:
  Корень: 321
  Количество узлов: 48
  Структура поддерева:
    321
      945
        690
          914
            390
            734
          254
            460
          117
            597
            495
            273
        616
          540
            253
          426
            771
            780
            118
          572
            841
            857
            288
        294
          680
            440
            121
          777
            840
            451
          161
            115
      504
        902
          651
            18
            449
            952
          649
            183
            942
            549
          26
            859
      327
        882
          322
            332

Поддерево 61:
  Корень: 680
  Количество узлов: 48
  Структура поддерева:
    680
      394
        217
          879
            833
            783
        341
          219
            88
            262
            663
          680
            807
          969
            676
            476
      134
        19
          790
            683
          691
            301
            24
            123
          168
            19
      337
        370
          953
            447
            376
            42
        557
          89
            580
            108
        826
          509
            972
            278
            62
          15
            444
            560
        934
          313
            862
            676

Поддерево 62:
  Корень: 139
  Количество узлов: 19
  Структура поддерева:
    139
      937
        125
          391
            183
            149
          179
            356
            676
        19
          609
            130
        768
          335
            880
      308
        866
          700
            629

Поддерево 63:
  Корень: 91
  Количество узлов: 20
  Структура поддерева:
    91
      840
        95
          655
            878
          946
            18
        954
          273
            56
            165
            93
            979
          813
            134
          231
            760
            108
            492
            158

Поддерево 64:
  Корень: 727
  Количество узлов: 10
  Структура поддерева:
    727
      389
        367
          360
            799
            542
          153
            350
            995
            483

Поддерево 65:
  Корень: 914
  Количество узлов: 45
  Структура поддерева:
    914
      41
        670
          11
            849
            264
          318
            465
            841
      69
        261
          861
            341
            248
            196
      631
        117
          143
            963
          621
            508
            678
            105
      283
        837
          521
            684
            597
          525
            616
            371
            478
            385
        223
          928
            970
            642
          290
            951
            54
          369
            481
          82
            689
            17

Поддерево 66:
  Корень: 318
  Количество узлов: 23
  Структура поддерева:
    318
      661
        792
          58
            861
      585
        538
          772
            580
      82
        603
          157
            602
            60
          825
            947
          300
            150
            60
            103
        306
          347
            865

Поддерево 67:
  Корень: 319
  Количество узлов: 41
  Структура поддерева:
    319
      101
        25
          199
            937
            167
          174
            285
          103
            152
            663
            557
        653
          605
            499
          391
            488
            615
            857
          848
            673
            880
            730
        192
          209
            25
            265
            996
            849
          29
            558
            495
          623
            855
        961
          348
            471
            956
            276
          503
            561

Поддерево 68:
  Корень: 940
  Количество узлов: 15
  Структура поддерева:
    940
      377
        547
          683
            984
          745
            741
            682
            643
        365
          630
            893
            375
            781
            740

Поддерево 69:
  Корень: 436
  Количество узлов: 18
  Структура поддерева:
    436
      307
        110
          450
            844
            320
            141
          865
            351
            982
            986
            682
          581
            981
          477
            866
            519
            655

Поддерево 70:
  Корень: 449
  Количество узлов: 7
  Структура поддерева:
    449
      412
        205
          945
            421
            457
            712

Поддерево 71:
  Корень: 929
  Количество узлов: 50
  Структура поддерева:
    929
      256
        539
          32
            156
            246
            660
            454
          801
            153
            795
      269
        389
          740
            322
            710
            556
            114
          275
            906
          476
            454
          614
            190
      390
        11
          220
            348
          451
            9
            866
          530
            530
            248
            731
            703
        187
          525
            608
          432
            905
            901
            304
        489
          53
            972
            862
            847
          362
            505

Поддерево 72:
  Корень: 844
  Количество узлов: 78
  Структура поддерева:
    844
      26
        457
          692
            700
            204
        966
          546
            100
            36
            726
          696
            917
            996
            332
            610
          67
            976
        78
          673
            821
      811
        157
          409
            568
            454
            409
            470
          490
            600
          244
            193
            276
            106
            866
        292
          698
            926
            944
          964
            456
          819
            268
      642
        140
          512
            44
      952
        285
          6
            159
            916
            91
          573
            93
            565
            409
          289
            739
            138
          252
            140
            693
            460
        256
          800
            213
          661
            50
            394
            777
            525
          209
            945
          550
            389
            838
            476

Поддерево 73:
  Корень: 291
  Количество узлов: 47
  Структура поддерева:
    291
      296
        221
          131
            810
          836
            731
            632
        136
          284
            779
            144
          79
            314
          465
            786
            950
      212
        828
          713
            105
            270
            794
          42
            124
            37
        211
          830
            957
            431
          494
            317
        766
          699
            687
          593
            624
            82
            623
          894
            128
            209
      67
        204
          193
            155
            832

Поддерево 74:
  Корень: 400
  Количество узлов: 6
  Структура поддерева:
    400
      793
        967
          341
            142
            403

Поддерево 75:
  Корень: 377
  Количество узлов: 53
  Структура поддерева:
    377
      410
        38
          790
            499
          16
            236
        311
          657
            376
            603
            99
          977
            655
          136
            659
            843
        172
          721
            122
            658
          767
            315
            567
            209
        44
          207
            619
      321
        317
          447
            221
          523
            747
            431
            175
          632
            441
            981
          334
            665
            184
      384
        693
          673
            437
        416
          273
            254
          733
            303
            281
            479

Поддерево 76:
  Корень: 833
  Количество узлов: 29
  Структура поддерева:
    833
      974
        125
          619
            380
            291
            582
          60
            428
      552
        155
          184
            309
            762
          363
            586
        710
          818
            789
            917
        136
          379
            692
            60
            395
          87
            612
          717
            235

Поддерево 77:
  Корень: 419
  Количество узлов: 9
  Структура поддерева:
    419
      133
        933
          450
            629
          797
            167
          404
            54

Поддерево 78:
  Корень: 820
  Количество узлов: 30
  Структура поддерева:
    820
      638
        28
          712
            555
            269
            582
          327
            46
            950
            184
            928
          76
            438
            161
            200
      902
        684
          385
            996
          617
            334
            395
            16
          824
            90
            374
            9
          666
            184

Поддерево 79:
  Корень: 337
  Количество узлов: 29
  Структура поддерева:
    337
      166
        36
          694
            777
            164
        943
          377
            233
            679
      523
        725
          674
            137
            634
            156
            904
        264
          742
            841
            297
          229
            855
            465
          877
            508
            146
            104
            454

Поддерево 80:
  Корень: 310
  Количество узлов: 21
  Структура поддерева:
    310
      671
        735
          846
            994
          465
            232
            754
        740
          316
            256
          963
            475
            513
          766
            97
            226
            13
          626
            610
            529

Поддерево 81:
  Корень: 810
  Количество узлов: 18
  Структура поддерева:
    810
      933
        77
          15
            157
            812
            359
            113
        666
          262
            290
            153
            545
            238
          480
            732
            746
            369

Поддерево 82:
  Корень: 539
  Количество узлов: 19
  Структура поддерева:
    539
      41
        410
          932
            206
            839
          399
            358
        685
          114
            766
            246
          110
            268
            489
            443
          571
            400
            86

Поддерево 83:
  Корень: 117
  Количество узлов: 9
  Структура поддерева:
    117
      470
        33
          410
            636
          620
            999
            14
            204

Поддерево 84:
  Корень: 490
  Количество узлов: 72
  Структура поддерева:
    490
      432
        800
          184
            401
            130
            439
        328
          495
            528
          163
            244
            589
          356
            946
      746
        431
          680
            623
            118
          33
            88
            892
        25
          730
            497
            403
            263
            940
          613
            487
            682
            92
          815
            941
        238
          279
            609
          334
            815
            231
      465
        796
          630
            503
          930
            82
            286
          414
            7
            485
          133
            988
        555
          272
            198
          239
            124
            80
          681
            643
            281
        797
          599
            216
            924
            678
          479
            761
            964
            797
            512

Поддерево 85:
  Корень: 326
  Количество узлов: 21
  Структура поддерева:
    326
      345
        275
          458
            559
          593
            946
          311
            348
        609
          844
            681
            800
        911
          297
            166
          337
            988
            28
            424
            612

Поддерево 86:
  Корень: 146
  Количество узлов: 30
  Структура поддерева:
    146
      34
        805
          426
            818
            834
          728
            331
          107
            178
      606
        433
          157
            436
          999
            407
            306
          381
            521
            652
        275
          217
            416
          39
            425
            164
          750
            984
            61
            831

Поддерево 87:
  Корень: 502
  Количество узлов: 37
  Структура поддерева:
    502
      536
        347
          744
            478
          30
            343
            490
        74
          145
            143
            490
          433
            210
            136
            193
            556
        642
          461
            703
          164
            590
            120
            158
      159
        281
          300
            455
        22
          268
            666
          211
            236
            536
            174
          811
            157

Поддерево 88:
  Корень: 948
  Количество узлов: 43
  Структура поддерева:
    948
      878
        648
          438
            616
          382
            416
            302
            943
          216
            407
            278
            988
        80
          919
            392
            572
          233
            378
            726
            530
          564
            664
            933
        920
          204
            561
            937
            390
          303
            997
            272
          653
            916
            881
      361
        336
          345
            503
          124
            705
            554
            375

Поддерево 89:
  Корень: 313
  Количество узлов: 20
  Структура поддерева:
    313
      212
        961
          954
            476
          180
            824
            61
        513
          489
            609
            887
          288
            102
            258
            593
          89
            277
            384
            779

Поддерево 90:
  Корень: 838
  Количество узлов: 21
  Структура поддерева:
    838
      633
        229
          31
            501
          149
            642
        991
          834
            832
            873
          529
            627
            227
      883
        969
          220
            90
          766
            468
            89

Поддерево 91:
  Корень: 629
  Количество узлов: 37
  Структура поддерева:
    629
      79
        576
          409
            898
          167
            228
            804
            355
            735
          953
            159
            332
          138
            630
        636
          751
            617
            758
            82
            851
          186
            574
            469
          295
            157
            23
            966
            547
        109
          369
            40
          208
            128
            294
            779
            677

Поддерево 92:
  Корень: 466
  Количество узлов: 16
  Структура поддерева:
    466
      674
        663
          171
            397
        272
          868
            818
            686
          680
            359
            868
        96
          637
            417
            249

Поддерево 93:
  Корень: 315
  Количество узлов: 46
  Структура поддерева:
    315
      633
        925
          718
            154
            969
          664
            132
            394
            488
          178
            615
        545
          856
            130
            504
            470
        187
          405
            765
            407
            85
      304
        87
          364
            745
          243
            446
            774
            922
          376
            703
            955
      105
        782
          614
            307
            118
            87
          581
            852
            640
            561
          883
            672
            745

Поддерево 94:
  Корень: 765
  Количество узлов: 13
  Структура поддерева:
    765
      626
        185
          259
            422
            698
          972
            505
            686
            680
            648
          255
            9

Поддерево 95:
  Корень: 302
  Количество узлов: 8
  Структура поддерева:
    302
      385
        652
          262
            388
            235
            564
            159

Поддерево 96:
  Корень: 719
  Количество узлов: 29
  Структура поддерева:
    719
      172
        413
          695
            298
            655
            568
            402
          947
            773
            978
            770
          976
            253
            459
            943
      331
        745
          743
            511
            38
        393
          14
            609
          894
            880
            574
            443
            999

Поддерево 97:
  Корень: 881
  Количество узлов: 54
  Структура поддерева:
    881
      173
        258
          200
            675
        233
          607
            160
            959
            533
            41
        346
          264
            704
      671
        710
          188
            60
            818
          200
            959
        613
          996
            10
          974
            606
          454
            544
            915
            271
        280
          818
            999
            478
          519
            913
          728
            903
            194
            833
            918
        385
          209
            897
            742
          137
            400
            92
            808
          691
            44
          226
            905
            804

Поддерево 98:
  Корень: 10
  Количество узлов: 14
  Структура поддерева:
    10
      280
        12
          992
            982
            219
            93
            449
          333
            312
            929
        743
          388
            175

Поддерево 99:
  Корень: 278
  Количество узлов: 19
  Структура поддерева:
    278
      893
        654
          47
            415
            250
        581
          860
            570
            718
          349
            227
          540
            68
      8
        691
          837
            249
            962

Поддерево 100:
  Корень: 840
  Количество узлов: 22
  Структура поддерева:
    840
      345
        291
          299
            264
            133
            797
          840
            560
            338
          216
            49
            426
            499
        742
          714
            271
            609
            877
          940
            45
            241

Поддерево 101:
  Корень: 6
  Количество узлов: 5
  Структура поддерева:
    6
      176
        971
          153
            945

Поддерево 102:
  Корень: 771
  Количество узлов: 30
  Структура поддерева:
    771
      133
        436
          623
            763
        509
          15
            84
        603
          535
            916
            93
            488
          522
            126
            837
          979
            222
            72
            413
          103
            520
            83
      712
        887
          500
            830
            904
            328
            909

Поддерево 103:
  Корень: 985
  Количество узлов: 19
  Структура поддерева:
    985
      454
        951
          786
            400
            663
          789
            826
            535
        970
          309
            634
            29
        800
          115
            23
            138
          703
            227

Поддерево 104:
  Корень: 810
  Количество узлов: 63
  Структура поддерева:
    810
      243
        656
          2
            651
          17
            20
            973
        708
          751
            498
          507
            269
          93
            67
            833
      636
        874
          745
            466
          467
            153
            303
          276
            54
      387
        18
          382
            237
          358
            522
            196
          919
            181
            340
            254
            802
          845
            926
            603
      700
        739
          327
            731
            6
            19
          105
            255
            968
        64
          330
            841
            620
          913
            136
            506
            82
        132
          136
            21
          558
            420
            210

Поддерево 105:
  Корень: 193
  Количество узлов: 5
  Структура поддерева:
    193
      123
        94
          594
            585

Поддерево 106:
  Корень: 701
  Количество узлов: 16
  Структура поддерева:
    701
      242
        126
          592
            352
            837
          106
            280
            989
            167
          665
            433
        367
          819
            855
            254

Поддерево 107:
  Корень: 765
  Количество узлов: 57
  Структура поддерева:
    765
      351
        399
          492
            165
      324
        466
          201
            667
            954
          2
            704
        686
          187
            973
          979
            821
            552
          249
            428
      316
        829
          646
            249
            592
            726
          223
            940
            413
        578
          587
            897
          951
            344
            475
            992
          599
            139
        85
          961
            851
          280
            865
            534
            67
            226
          381
            588
            620
          973
            926
        500
          520
            585
            31
            596
            473

Поддерево 108:
  Корень: 171
  Количество узлов: 16
  Структура поддерева:
    171
      389
        380
          461
            141
            493
        4
          315
            295
            824
          919
            422
        662
          370
            170
            633

Поддерево 109:
  Корень: 98
  Количество узлов: 62
  Структура поддерева:
    98
      667
        840
          765
            731
            392
            194
            135
      179
        253
          244
            987
          782
            445
        138
          934
            42
          522
            204
            768
          156
            782
            731
            797
        891
          409
            464
            640
          644
            255
            673
          74
            532
            115
            337
          875
            725
            239
            180
      606
        274
          869
            25
          319
            844
          564
            530
          754
            465
            923
        734
          656
            909
            725
            890
            274
          318
            944
            2
          737
            231
            108

Поддерево 110:
  Корень: 757
  Количество узлов: 7
  Структура поддерева:
    757
      288
        645
          964
            671
            757
            273

Поддерево 111:
  Корень: 987
  Количество узлов: 12
  Структура поддерева:
    987
      952
        546
          654
            437
            239
          78
            937
            390
          451
            664
            867

Поддерево 112:
  Корень: 254
  Количество узлов: 10
  Структура поддерева:
    254
      778
        537
          248
            126
          254
            720
            847
            568
            349

Поддерево 113:
  Корень: 198
  Количество узлов: 5
  Структура поддерева:
    198
      331
        814
          183
            565

Поддерево 114:
  Корень: 236
  Количество узлов: 13
  Структура поддерева:
    236
      490
        868
          547
            370
            159
            765
            636
          540
            895
        520
          19
            531

Поддерево 115:
  Корень: 366
  Количество узлов: 18
  Структура поддерева:
    366
      796
        694
          123
            371
          281
            99
            707
            767
        951
          222
            547
            521
          436
            471
        593
          634
            287

Поддерево 116:
  Корень: 334
  Количество узлов: 31
  Структура поддерева:
    334
      83
        935
          652
            654
            521
            911
        891
          253
            587
          836
            955
          883
            24
            857
            256
            509
          2
            505
            342
            880
        547
          231
            4
            466
            873
          275
            576
            867
            412
            288

Поддерево 117:
  Корень: 652
  Количество узлов: 45
  Структура поддерева:
    652
      59
        381
          177
            531
            227
            445
          936
            324
            924
          72
            513
        776
          489
            943
            560
            164
      516
        541
          59
            698
          162
            937
            133
        175
          189
            720
            587
      112
        941
          416
            712
            914
            39
          646
            848
            301
            291
        783
          516
            855
        88
          742
            449
            2

Поддерево 118:
  Корень: 627
  Количество узлов: 54
  Структура поддерева:
    627
      647
        772
          768
            837
            695
          107
            175
            600
            114
          654
            170
            202
            798
          186
            963
            764
            166
            421
        592
          337
            980
            576
            905
            391
          612
            386
          865
            187
            373
      348
        14
          745
            876
            948
        13
          398
            215
          66
            890
        643
          57
            970
            67
      530
        745
          224
            472
            803
            669
          929
            30
          687
            202

Поддерево 119:
  Корень: 178
  Количество узлов: 11
  Структура поддерева:
    178
      536
        288
          251
            217
            849
            889
          547
            898
            521
            229

Поддерево 120:
  Корень: 572
  Количество узлов: 8
  Структура поддерева:
    572
      822
        95
          115
            382
          196
            918
            119

Поддерево 121:
  Корень: 639
  Количество узлов: 8
  Структура поддерева:
    639
      56
        652
          406
            97
            995
          120
            987

Поддерево 122:
  Корень: 235
  Количество узлов: 44
  Структура поддерева:
    235
      352
        572
          919
            778
            93
            855
        445
          960
            538
          861
            816
            314
            911
        21
          901
            571
        35
          966
            125
          601
            849
            276
            484
      822
        197
          295
            405
          66
            159
          975
            81
            287
            536
          7
            796
        589
          854
            92
          607
            110
          975
            896
            449

Поддерево 123:
  Корень: 615
  Количество узлов: 8
  Структура поддерева:
    615
      801
        495
          517
            641
            474
          983
            977

Поддерево 124:
  Корень: 818
  Количество узлов: 57
  Структура поддерева:
    818
      473
        552
          194
            774
            104
            353
          85
            240
          304
            650
            348
          385
            370
      176
        183
          734
            508
          662
            750
          196
            685
            220
          682
            279
      860
        476
          357
            628
            811
            91
          322
            879
            941
          526
            463
            459
        861
          529
            200
            645
          1
            677
            599
            35
            785
        639
          2
            36
          72
            518
            341
          292
            174
          418
            503
            982

Поддерево 125:
  Корень: 724
  Количество узлов: 55
  Структура поддерева:
    724
      198
        110
          693
            24
          311
            664
            974
          956
            385
            784
            803
      565
        464
          630
            894
        248
          532
            568
            495
            665
          305
            798
            840
        361
          464
            336
      282
        321
          532
            431
            699
            924
          319
            880
            954
            381
      960
        156
          162
            540
          507
            780
            313
            288
          373
            147
            771
        1000
          912
            575
          765
            55
            713
            143

Поддерево 126:
  Корень: 445
  Количество узлов: 29
  Структура поддерева:
    445
      784
        224
          333
            553
            109
        114
          210
            595
            460
            606
          649
            419
            627
          245
            902
            632
            76
            793
        38
          61
            823
            619
            112
          21
            702
            715
            450
            782

Поддерево 127:
  Корень: 304
  Количество узлов: 7
  Структура поддерева:
    304
      855
        406
          909
            960
            114
            665

Поддерево 128:
  Корень: 671
  Количество узлов: 25
  Структура поддерева:
    671
      515
        710
          313
            495
            883
            485
          464
            643
            351
            201
          147
            442
            195
            529
        962
          280
            329
            166
            72
            498
          542
            698
            403
            626

Поддерево 129:
  Корень: 417
  Количество узлов: 26
  Структура поддерева:
    417
      944
        2
          705
            229
            101
        381
          299
            378
            505
            969
            548
          787
            960
            779
            859
        878
          302
            825
            748
          195
            525
            308
          558
            550
            958

Поддерево 130:
  Корень: 976
  Количество узлов: 28
  Структура поддерева:
    976
      347
        21
          454
            937
            318
          887
            187
            776
        855
          737
            62
            626
          62
            880
            95
        176
          195
            988
          296
            309
            744
            215
      187
        59
          609
            987
            143

Поддерево 131:
  Корень: 323
  Количество узлов: 67
  Структура поддерева:
    323
      766
        581
          903
            721
            178
            615
      989
        802
          932
            982
            956
            398
          636
            438
            978
            458
          72
            450
          820
            8
            575
            124
      261
        442
          568
            854
            190
          879
            547
            339
            553
          9
            481
            232
          33
            148
        562
          317
            975
        130
          722
            558
            133
          587
            221
            202
            837
          923
            81
            114
        15
          33
            890
            540
            35
          945
            969
            823
            437
      458
        779
          910
            110
            488
            576
            816

Поддерево 132:
  Корень: 755
  Количество узлов: 14
  Структура поддерева:
    755
      604
        360
          305
            275
            578
            974
            727
          544
            244
          64
            275
            811
            650

Поддерево 133:
  Корень: 416
  Количество узлов: 51
  Структура поддерева:
    416
      640
        982
          68
            90
            477
            996
      471
        938
          463
            1
          869
            633
            369
            673
          365
            96
            234
            115
        198
          212
            231
            412
          832
            961
            457
          142
            762
            900
        680
          23
            135
          685
            317
            780
          52
            274
            554
        595
          587
            401
            894
            806
            814
          121
            481
            908
            509
          303
            295
            25

Поддерево 134:
  Корень: 152
  Количество узлов: 37
  Структура поддерева:
    152
      312
        868
          978
            810
            26
      442
        211
          438
            648
            731
          185
            658
            482
          943
            624
            730
      845
        529
          936
            884
            274
            753
          109
            114
            653
            240
          252
            160
      109
        86
          720
            301
          266
            932
            674
            468

Поддерево 135:
  Корень: 457
  Количество узлов: 7
  Структура поддерева:
    457
      280
        885
          799
            621
          400
            749

Поддерево 136:
  Корень: 105
  Количество узлов: 9
  Структура поддерева:
    105
      319
        547
          465
            506
        989
          915
            234
            727

Поддерево 137:
  Корень: 520
  Количество узлов: 59
  Структура поддерева:
    520
      154
        997
          912
            312
          418
            185
            367
            445
          282
            297
        117
          319
            199
          850
            668
            12
            29
      296
        862
          733
            826
          482
            735
            178
        391
          591
            303
          119
            2
            138
            19
            300
      723
        901
          441
            13
        861
          811
            706
          383
            797
            153
            100
            62
          189
            257
            942
            461
        183
          456
            114
            780
            647
          257
            988
        910
          907
            350

Поддерево 138:
  Корень: 888
  Количество узлов: 84
  Структура поддерева:
    888
      148
        614
          730
            525
            44
        889
          388
            152
            710
            60
          397
            896
          969
            11
            428
            397
          864
            290
            547
        600
          947
            515
          313
            941
            415
          62
            625
            426
      746
        335
          2
            599
          529
            939
            131
          246
            580
            47
            807
          21
            740
            714
        258
          763
            287
            421
            541
          87
            355
            775
          997
            39
            141
      684
        176
          559
            168
            564
          500
            255
          759
            81
            536
            963
            782
      281
        984
          186
            105
            136
            831
          31
            383
            95
            115
        978
          105
            34
          132
            127
        477
          536
            499

Поддерево 139:
  Корень: 682
  Количество узлов: 15
  Структура поддерева:
    682
      99
        830
          346
            83
            260
          542
            96
        765
          870
            755
        781
          27
            393
            95

Поддерево 140:
  Корень: 898
  Количество узлов: 61
  Структура поддерева:
    898
      499
        680
          833
            11
            822
            688
          731
            24
            364
            666
          368
            571
        303
          105
            612
            931
          976
            257
        648
          190
            749
          14
            837
            937
        833
          829
            516
            128
          62
            675
            813
          898
            1
      686
        947
          98
            833
          276
            734
          500
            21
            993
            664
            865
      941
        440
          983
            87
            206
            372
        823
          42
            736
            264
          931
            929
            426
            360
          917
            239

Поддерево 141:
  Корень: 271
  Количество узлов: 40
  Структура поддерева:
    271
      320
        148
          732
            921
            94
            4
        979
          863
            283
          934
            998
            299
          386
            781
            169
            658
            890
          315
            646
            196
        905
          621
            967
            783
            833
            32
      331
        46
          571
            308
          957
            876
            633
          554
            887
        310
          19
            342
            718

Поддерево 142:
  Корень: 970
  Количество узлов: 48
  Структура поддерева:
    970
      793
        751
          394
            261
            529
          864
            548
          665
            379
        127
          911
            612
          148
            358
            214
            73
          32
            542
            929
          165
            938
            664
            804
            402
        418
          633
            217
            57
          986
            686
            619
            257
        152
          816
            748
      605
        355
          155
            293
            555
          178
            567
          917
            555
            338
            231
            291

Поддерево 143:
  Корень: 433
  Количество узлов: 18
  Структура поддерева:
    433
      496
        176
          163
            981
            425
            562
          524
            404
            318
            332
        99
          86
            934
          641
            487
            874
            791

Поддерево 144:
  Корень: 434
  Количество узлов: 9
  Структура поддерева:
    434
      459
        714
          497
            498
            503
        504
          605
            491

Поддерево 145:
  Корень: 912
  Количество узлов: 9
  Структура поддерева:
    912
      544
        62
          182
            108
        181
          149
            176
            191

Поддерево 146:
  Корень: 444
  Количество узлов: 6
  Структура поддерева:
    444
      808
        289
          208
            755
            949

Поддерево 147:
  Корень: 701
  Количество узлов: 33
  Структура поддерева:
    701
      997
        425
          767
            154
            867
            785
          22
            334
        786
          178
            721
          753
            670
            284
          192
            23
        420
          347
            554
          179
            667
        62
          649
            815
            292
      801
        842
          439
            169
          114
            52
            371

Поддерево 148:
  Корень: 450
  Количество узлов: 32
  Структура поддерева:
    450
      339
        287
          295
            858
          229
            565
            470
          450
            859
            253
            127
            894
          991
            464
        407
          795
            886
            912
            508
          893
            646
        827
          76
            199
            48
          840
            593
            416
          993
            273
            812

Поддерево 149:
  Корень: 25
  Количество узлов: 19
  Структура поддерева:
    25
      997
        144
          953
            855
          658
            752
        290
          923
            489
            693
          648
            113
            375
            193
          387
            191
            266
            426

