Результаты поиска поддеревьев
Время выполнения: 0.138 микросекунд
Найдено поддеревьев: 2

Поддерево 1:
  Корень: 986
  Количество узлов: 22
  Структура поддерева:
    986
      916
        320
          661
            995
            435
            840
          405
            989
          156
            505
            480
      153
        669
          132
            935
            464
            237
          330
            164
            801
            672

Поддерево 2:
  Корень: 803
  Количество узлов: 46
  Структура поддерева:
    803
      637
        19
          183
            146
            800
            997
        946
          196
            72
            211
            878
            155
          959
            267
            557
        145
          649
            403
            267
          429
            847
        477
          500
            937
            737
            393
      147
        383
          557
            404
            931
          943
            541
            846
        310
          223
            735
            213
            601
        514
          646
            400
            579
          52
            90

